100
4 2
5 2
6 2
1000 1000
1000 1
500000 250000
1 1
3 2
477040 379395
500000 249999
802973 639696
500000 237856
999999 262144
999999 499997
999999 1
864576 714353
498454 476495
500000 127
269938 265393
999999 999998
635135 537127
996518 996446
500000 262143
1000000 262143
867085 821653
1000000 475712
567378 494421
535338 507921
856683 675454
266909 247932
515827 457207
265930 239738
1000000 127
999999 262143
1000000 1
500000 237857
5 1
1000000 1000000
500000 131071
1000000 499998
2 1
500000 1
500000 2
535735 492043
578817 549264
500000 249998
266733 255332
291171 226872
1000000 500000
999999 502003
998170 868720
500000 499999
1000000 999999
999999 359924
500000 131072
999999 475711
313788 254319
1000000 128
629533 614213
1000000 479109
1000000 499999
1000000 524287
999999 999999
999999 499998
999999 128
782471 722835
678462 627846
500000 128
500000 500000
754740 689721
500000 256859
1000000 475713
642805 488519
410143 385190
512500 491714
1000000 450753
654310 514419
500000 234057
754855 732213
500000 262144
1000000 2
448857 379734
941907 746950
342064 321113
2 2
1000000 524288
999999 524288
762230 625223
982043 907553
999999 127
999999 475712
3 1
945221 879262
999999 524287
999999 499999
449450 444457
806354 776538
1000000 262144
4 1
999999 2
