Case #1: 3
Case #2: 1
Case #3: IMPOSSIBLE
Case #4: 1 2
Case #5: 4 3
Case #6: 34773982266141 74604583877469 114435185488797 154265787100125 194096388711453 233926990322781 273757591934109 313588193545437 65
Case #7: 22
Case #8: 3612203694909 7753297027389 11894390359869 16035483692349 20176577024829 506383695548
Case #9: IMPOSSIBLE
Case #10: 1
Case #11: 5 15
Case #12: 80706050403020101 171615141312111010 262524232221201919 353433323130292828 444342414039383737 535251504948474646 626160595857565555 717069686766656464 807978777675747373 898887868584838282 989796959493929191 100
Case #13: IMPOSSIBLE
Case #14: IMPOSSIBLE
Case #15: 9876543211
Case #16: 1 2 3
Case #17: 11513211 25995236 40477261 54959286 69441311 83923336 98405361 112887386 41
Case #18: 72353716 157783403 15
Case #19: 1
Case #20: 3
Case #21: IMPOSSIBLE
Case #22: 1
Case #23: 101 303 505 707 909 1111 1313 1515 1717 1919 2121 2323 2525 2727 2929 3131 3333 3535 3737 3939 4141 4343 4545 4747 4949 5151 5353 5555 5757 5959 6161 6363 6565 6767 6969 7171 7373 7575 7777 7979 8181 8383 8585 8787 8989 9191 9393 9595 9797 9999
Case #24: 191933885933325 411669713459085 631405540984845 851141368510605 1070877196036365 1290613023562125 1510348851087885 1730084678613645 1949820506139405 2169556333665165 571702
Case #25: 229
Case #26: 5696817567904 12354427195811 19012036823718 25669646451625 32327256079532 38984865707439 45642475335346 52300084963253 58957694591160 65615304219067 72272913846974 78930523474881 85588133102788 92245742730695 99
Case #27: 4 3
Case #28: IMPOSSIBLE
Case #29: IMPOSSIBLE
Case #30: 800668
Case #31: 1
Case #32: 74477718115336405 158372159210772814 242266600306209223 326161041401645632 410055482497082041 493949923592518450 577844364687954859 661738805783391268 745633246878827677 829527687974264086 913422129069700495
Case #33: IMPOSSIBLE
Case #34: IMPOSSIBLE
Case #35: 8463200979279871 17890033753230221 27316866527180571 36743699301130921 9469618231
Case #36: IMPOSSIBLE
Case #37: 1
Case #38: 65271773169797 138932708408438 212593643647079 286254578885720 115783791
Case #39: 71059958660809 152435072611089 233810186561369 315185300511649 396560414461929 477935528412209 559310642362489 640685756312769 722060870263049
Case #40: 1
Case #41: IMPOSSIBLE
Case #42: 229
Case #43: 3
Case #44: 1 2 3 4
Case #45: 22
Case #46: IMPOSSIBLE
Case #47: 48028639 104789756
Case #48: IMPOSSIBLE
Case #49: 22
Case #50: IMPOSSIBLE
Case #51: 62129658859368977 255
Case #52: IMPOSSIBLE
Case #53: 1
Case #54: 1831 4624 7417 10210 13003 15796 18589 21382 24175 26968
Case #55: IMPOSSIBLE
Case #56: 3
Case #57: 20101 50404 80707 111010 141313 171616 201919 232222 262525 292828 323131 353434 383737 414040 444343 474646 504949 535252 565555 595858 626161 656464 686767 717070 747373 777676 807979 838282 868585 898888 929191 959494 989797 100
Case #58: 939320596 2071652272 3203983948 4336315624 5468647300 6600978976 7733310652 91078
Case #59: IMPOSSIBLE
Case #60: 939320596 2071652272 3203983948 4336315624 5468647300 6600978976 7733310652 91078
Case #61: 37 4
Case #62: 3
Case #63: IMPOSSIBLE
Case #64: IMPOSSIBLE
Case #65: 1 2 3 4 5 6 7 8 9 10 11 12 13 14 15 16 17 18 19 20 21
Case #66: 43211 98766
Case #67: 53600778435241 114095547666010 174590316896779 235085086127548 2558317
Case #68: IMPOSSIBLE
Case #69: IMPOSSIBLE
Case #70: IMPOSSIBLE
Case #71: 1 2 3 4 5 6 7 8 9 10 11 12 13 14 15 16 17 18 19 20 21 22 23 24 25 26 27 28 29 30 31 32 33 34 35 36 37 38 39 40 41 42 43 44 45 46
Case #72: 1
Case #73: 148390053388881 318285911616729 488181769844577 658077628072425 827973486300273 997869344528121 1167765202755969 1337661060983817 1507556919211665 1677452777439513
Case #74: IMPOSSIBLE
Case #75: 1930693909 4256647987 6582602065 8908556143 11234510221 13560464299 15886418377 18212372455 7308805
Case #76: 1 2 3 4 5 6 7 8 9 10 11 12 13 14 15 16 17 18 19 20 21 22 23 24 25 26 27 28 29 30 31 32 33 34 35 36 37 38 39 40 41 42 43 44 45 46 47 48 49 50 51 52 53 54 55 56 57 58 59 60 61 62 63 64 65 66 67 68 69 70 71 72 73 74 75 76 77 78 79 80 81 82 83 84 85 86 87 88 89 90 91 92 93 94 95 96 97 98 99 100
Case #77: 3
Case #78: 2398453768 5214702707 8030951646 386847382
Case #79: IMPOSSIBLE
Case #80: 2931
Case #81: IMPOSSIBLE
Case #82: IMPOSSIBLE
Case #83: 25454147837242645 53798286258626375 82142424680010105 110486563101393835 138830701522777565 2703
Case #84: 3
Case #85: 1548881 3622805 5696729 7770653 9844577 11918501 13992425 16066349 18140273 20214197 22288121 24362045 26435969 28509893 30583817 32657741 34731665 36805589 38879513 40953437
Case #86: 570629116951709 1223748583149789 1876868049347869 2529987515545949 3183106981744029 3836226447942109 4489345914140189 5142465380338269 5795584846536349 6448704312734429 7101823778932509 7754943245130589 97
Case #87: IMPOSSIBLE
Case #88: 92297245699123879 37728302213
Case #89: 3020101 7060505 11100909 15141313 19181717 23222121 27262525 31302929 35343333 39383737 43424141 47464545 51504949 55545353 59585757 63626161 67666565 71706969 75747373 79787777 83828181 87868585 91908989 95949393 99989797
Case #90: 19702 49405 79108 108811 138514 168217 197920 227623 257326 287029 316732 346435 376138 405841 435544 465247 494950 524653 554356 584059 613762 643465 673168 702871 732574 762277 791980 821683 851386 881089 910792 940495 970198
Case #91: 4853707 10968612 17083517 23198422 29313327 35428232 35902
Case #92: 79159283136038696 167282861291321696 255406439446604696 343530017601887696 431653595757170696 8660420611812295
Case #93: 229
Case #94: 3
Case #95: 533177 1248413 1963649 2678885 3394121 4109357 4824593 5539829 6255065 6970301 7685537 8400773 9116009 9831245
Case #96: 2931
Case #97: 9876543211
Case #98: 3
Case #99: 1192320768144245 2536578740004494 3880836711864743 5225094683724992 6569352655585241 7913610627445490 714711777
Case #100: IMPOSSIBLE
