100
4 2
5 2
6 2
1000 1000
1000 1
500 2
1000 256
999 127
999 999
477 468
500 499
500 116
1000 500
999 499
784 768
999 488
4 1
337 321
999 255
1000 491
385 299
869 716
999 998
999 256
1000 128
564 427
609 538
886 723
2 2
963 813
999 497
702 529
739 564
657 561
3 1
500 256
1000 489
1000 461
500 117
500 244
500 249
1000 488
999 362
5 1
389 368
999 512
946 830
843 774
1000 999
500 128
999 501
500 91
1000 127
364 304
536 405
358 329
753 626
770 714
999 487
2 1
500 250
844 838
1000 255
500 127
999 498
774 596
612 611
813 774
3 2
1000 499
1000 498
769 718
500 245
875 835
840 785
500 1
788 677
535 534
500 240
815 615
459 421
378 308
279 233
500 253
430 363
1000 512
1000 2
999 128
500 500
1 1
500 248
865 761
999 2
500 255
924 698
1000 511
999 511
999 1
907 728
996 889
